S,1,2,1,1,1,1,1,1,2,0,0,0,1,-1,-1,-1
AH,1,100,0
AF,1,0,0,0,0,0,0,0,0,0,0,1,4,-5,1000,2000,0
AL,1,0,17,20,19,8,6,5,3,7,8,3,3,0,-10,-23,-23,-16,-16,-15,-14,-13,-9,-7,-7,100,100,100,100,100,100,100,100,100,100,100,100,500,500,500,500,500,500,500,500,500,500,500,500,5,0,1,5,-2,1000,50000,0,0
AMA,0,0,0,0,0,0,0,0,0,0,0,0,0,0,0,0,0,0,0,0,0,0,0,0,0,0,0,0,0,0,0,0,0,0,0,0,0,0,0,0,0,0,0,0,0,0,0,0,0,0,0,0,0,0,0,0,0,0
AMB,1,1,0,17,20,19,8,6,5,3,7,8,3,3,0,-10,-23,-23,-16,-16,-15,-14,-13,-9,-7,-7,100,100,100,100,100,100,100,100,100,100,100,100,500,500,500,500,500,500,500,500,500,500,500,500,5,0,1,5,-2,1000,50000,0
AMC,2,1,0,17,20,19,8,6,5,3,7,8,3,3,0,-10,-23,-23,-16,-16,-15,-14,-13,-9,-7,-7,100,100,100,100,100,100,100,100,100,100,100,100,500,500,500,500,500,500,500,500,500,500,500,500,5,0,1,5,-2,1000,50000,0
AMD,3,1,0,17,20,19,8,6,5,3,7,8,3,3,0,-10,-23,-23,-16,-16,-15,-14,-13,-9,-7,-7,100,100,100,100,100,100,100,100,100,100,100,100,500,500,500,500,500,500,500,500,500,500,500,500,5,0,1,5,-2,1000,50000,0
AME,4,1,0,17,20,19,8,6,5,3,7,8,3,3,0,-10,-23,-23,-16,-16,-15,-14,-13,-9,-7,-7,100,100,100,100,100,100,100,100,100,100,100,100,500,500,500,500,500,500,500,500,500,500,500,500,5,0,1,5,-2,1000,50000,0
AMF,5,1,0,17,20,19,8,6,5,3,7,8,3,3,0,-10,-23,-23,-16,-16,-15,-14,-13,-9,-7,-7,100,100,100,100,100,100,100,100,100,100,100,100,500,500,500,500,500,500,500,500,500,500,500,500,5,0,1,5,-2,1000,50000,0
AMG,6,1,0,17,20,19,8,6,5,3,7,8,3,3,0,-10,-23,-23,-16,-16,-15,-14,-13,-9,-7,-7,100,100,100,100,100,100,100,100,100,100,100,100,500,500,500,500,500,500,500,500,500,500,500,500,5,0,1,5,-2,1000,50000,0
AMH,7,1,0,17,20,19,8,6,5,3,7,8,3,3,0,-10,-23,-23,-16,-16,-15,-14,-13,-9,-7,-7,100,100,100,100,100,100,100,100,100,100,100,100,500,500,500,500,500,500,500,500,500,500,500,500,5,0,1,5,-2,1000,50000,0
AMI,8,1,0,17,20,19,8,6,5,3,7,8,3,3,0,-10,-23,-23,-16,-16,-15,-14,-13,-9,-7,-7,100,100,100,100,100,100,100,100,100,100,100,100,500,500,500,500,500,500,500,500,500,500,500,500,5,0,1,5,-2,1000,50000,0
AMJ,9,1,0,17,20,19,8,6,5,3,7,8,3,3,0,-10,-23,-23,-16,-16,-15,-14,-13,-9,-7,-7,100,100,100,100,100,100,100,100,100,100,100,100,500,500,500,500,500,500,500,500,500,500,500,500,5,0,1,5,-2,1000,50000,0
AMK,10,1,0,17,20,19,8,6,5,3,7,8,3,3,0,-10,-23,-23,-16,-16,-15,-14,-13,-9,-7,-7,100,100,100,100,100,100,100,100,100,100,100,100,500,500,500,500,500,500,500,500,500,500,500,500,5,0,1,5,-2,1000,50000,0
AML,11,1,0,17,20,19,8,6,5,3,7,8,3,3,0,-10,-23,-23,-16,-16,-15,-14,-13,-9,-7,-7,100,100,100,100,100,100,100,100,100,100,100,100,500,500,500,500,500,500,500,500,500,500,500,500,5,0,1,5,-2,1000,50000,0
AMM,12,1,0,17,20,19,8,6,5,3,7,8,3,3,0,-10,-23,-23,-16,-16,-15,-14,-13,-9,-7,-7,100,100,100,100,100,100,100,100,100,100,100,100,500,500,500,500,500,500,500,500,500,500,500,500,5,0,1,5,-2,1000,50000,0
AMN,13,1,0,17,20,19,8,6,5,3,7,8,3,3,0,-10,-23,-23,-16,-16,-15,-14,-13,-9,-7,-7,100,100,100,100,100,100,100,100,100,100,100,100,500,500,500,500,500,500,500,500,500,500,500,500,5,0,1,5,-2,1000,50000,0
AMO,14,1,0,17,20,19,8,6,5,3,7,8,3,3,0,-10,-23,-23,-16,-16,-15,-14,-13,-9,-7,-7,100,100,100,100,100,100,100,100,100,100,100,100,500,500,500,500,500,500,500,500,500,500,500,500,5,0,1,5,-2,1000,50000,0
AMP,15,1,0,17,20,19,8,6,5,3,7,8,3,3,0,-10,-23,-23,-16,-16,-15,-14,-13,-9,-7,-7,100,100,100,100,100,100,100,100,100,100,100,100,500,500,500,500,500,500,500,500,500,500,500,500,5,0,1,5,-2,1000,50000,0
AAA,700,400,-12
AAB,4000,800,-3
AAC,11000,1000,-2
AAD,800,1,0
AAE,800,1,0
AAF,800,1,0
AAG,283,200,3
AAH,1000,3000,-10
AAM,1,1,1,0,0,0,0,0
AAU,1
ACA,700,400,-12
ACB,4000,800,-3
ACC,11000,1000,-2
ACD,6001,1000,-3
ACE,4500,2000,-4
ACF,7000,3000,3
ACG,283,200,3
ACH,1000,3000,-10
ACM,1,1,1,0,0,0,0,0
ACU,1
BH,1,100,0
BF,1,0,0,0,0,0,0,0,0,0,0,1,4,-5,1000,2000,0
BL,1,0,17,20,19,8,6,5,3,7,8,3,3,0,-10,-23,-23,-16,-16,-15,-14,-13,-9,-7,-7,100,100,100,100,100,100,100,100,100,100,100,100,500,500,500,500,500,500,500,500,500,500,500,500,5,0,1,5,-2,1000,50000,0,0
BMA,0,0,0,0,0,0,0,0,0,0,0,0,0,0,0,0,0,0,0,0,0,0,0,0,0,0,0,0,0,0,0,0,0,0,0,0,0,0,0,0,0,0,0,0,0,0,0,0,0,0,0,0,0,0,0,0,0,0
BMB,1,1,0,17,20,19,8,6,5,3,7,8,3,3,0,-10,-23,-23,-16,-16,-15,-14,-13,-9,-7,-7,100,100,100,100,100,100,100,100,100,100,100,100,500,500,500,500,500,500,500,500,500,500,500,500,5,0,1,5,-2,1000,50000,0
BMC,2,1,0,17,20,19,8,6,5,3,7,8,3,3,0,-10,-23,-23,-16,-16,-15,-14,-13,-9,-7,-7,100,100,100,100,100,100,100,100,100,100,100,100,500,500,500,500,500,500,500,500,500,500,500,500,5,0,1,5,-2,1000,50000,0
BMD,3,1,0,17,20,19,8,6,5,3,7,8,3,3,0,-10,-23,-23,-16,-16,-15,-14,-13,-9,-7,-7,100,100,100,100,100,100,100,100,100,100,100,100,500,500,500,500,500,500,500,500,500,500,500,500,5,0,1,5,-2,1000,50000,0
BME,4,1,0,17,20,19,8,6,5,3,7,8,3,3,0,-10,-23,-23,-16,-16,-15,-14,-13,-9,-7,-7,100,100,100,100,100,100,100,100,100,100,100,100,500,500,500,500,500,500,500,500,500,500,500,500,5,0,1,5,-2,1000,50000,0
BMF,5,1,0,17,20,19,8,6,5,3,7,8,3,3,0,-10,-23,-23,-16,-16,-15,-14,-13,-9,-7,-7,100,100,100,100,100,100,100,100,100,100,100,100,500,500,500,500,500,500,500,500,500,500,500,500,5,0,1,5,-2,1000,50000,0
BMG,6,1,0,17,20,19,8,6,5,3,7,8,3,3,0,-10,-23,-23,-16,-16,-15,-14,-13,-9,-7,-7,100,100,100,100,100,100,100,100,100,100,100,100,500,500,500,500,500,500,500,500,500,500,500,500,5,0,1,5,-2,1000,50000,0
BMH,7,1,0,17,20,19,8,6,5,3,7,8,3,3,0,-10,-23,-23,-16,-16,-15,-14,-13,-9,-7,-7,100,100,100,100,100,100,100,100,100,100,100,100,500,500,500,500,500,500,500,500,500,500,500,500,5,0,1,5,-2,1000,50000,0
BMI,8,1,0,17,20,19,8,6,5,3,7,8,3,3,0,-10,-23,-23,-16,-16,-15,-14,-13,-9,-7,-7,100,100,100,100,100,100,100,100,100,100,100,100,500,500,500,500,500,500,500,500,500,500,500,500,5,0,1,5,-2,1000,50000,0
BMJ,9,1,0,17,20,19,8,6,5,3,7,8,3,3,0,-10,-23,-23,-16,-16,-15,-14,-13,-9,-7,-7,100,100,100,100,100,100,100,100,100,100,100,100,500,500,500,500,500,500,500,500,500,500,500,500,5,0,1,5,-2,1000,50000,0
BMK,10,1,0,17,20,19,8,6,5,3,7,8,3,3,0,-10,-23,-23,-16,-16,-15,-14,-13,-9,-7,-7,100,100,100,100,100,100,100,100,100,100,100,100,500,500,500,500,500,500,500,500,500,500,500,500,5,0,1,5,-2,1000,50000,0
BML,11,1,0,17,20,19,8,6,5,3,7,8,3,3,0,-10,-23,-23,-16,-16,-15,-14,-13,-9,-7,-7,100,100,100,100,100,100,100,100,100,100,100,100,500,500,500,500,500,500,500,500,500,500,500,500,5,0,1,5,-2,1000,50000,0
BMM,12,1,0,17,20,19,8,6,5,3,7,8,3,3,0,-10,-23,-23,-16,-16,-15,-14,-13,-9,-7,-7,100,100,100,100,100,100,100,100,100,100,100,100,500,500,500,500,500,500,500,500,500,500,500,500,5,0,1,5,-2,1000,50000,0
BMN,13,1,0,17,20,19,8,6,5,3,7,8,3,3,0,-10,-23,-23,-16,-16,-15,-14,-13,-9,-7,-7,100,100,100,100,100,100,100,100,100,100,100,100,500,500,500,500,500,500,500,500,500,500,500,500,5,0,1,5,-2,1000,50000,0
BMO,14,1,0,17,20,19,8,6,5,3,7,8,3,3,0,-10,-23,-23,-16,-16,-15,-14,-13,-9,-7,-7,100,100,100,100,100,100,100,100,100,100,100,100,500,500,500,500,500,500,500,500,500,500,500,500,5,0,1,5,-2,1000,50000,0
BMP,15,1,0,17,20,19,8,6,5,3,7,8,3,3,0,-10,-23,-23,-16,-16,-15,-14,-13,-9,-7,-7,100,100,100,100,100,100,100,100,100,100,100,100,500,500,500,500,500,500,500,500,500,500,500,500,5,0,1,5,-2,1000,50000,0
BAA,700,400,-12
BAB,4000,800,-3
BAC,11000,1000,-2
BAD,800,1,0
BAE,800,1,0
BAF,1000,3000,-10
BAG,6000,3000,-10
BAH,1000,3000,-10
BAM,1,1,1,0,0,0,0,0
BAU,1
BCA,700,400,-12
BCB,4000,800,-3
BCC,11000,1000,-2
BCD,400,300,4
BCE,3450,1900,-6
BCF,1000,3000,-10
BCG,6000,3000,-10
BCH,1000,3000,-10
BCM,1,1,1,0,0,0,0,0
BCU,1
CH,0,200,0
CF,0,0,0,0,0,0,0,0,0,0,0,0,4,-5,1000,2000,0
CL,1,0,18,7,2,2,3,1,1,2,2,2,2,0,-11,-14,-22,-22,-20,-12,-12,-12,-12,-12,-12,100,100,100,100,100,100,100,100,100,100,100,100,500,500,500,500,500,500,500,500,500,500,500,500,3,0,1,2,-3,0,50000,0,0
CMA,0,0,0,0,0,0,0,0,0,0,0,0,0,0,0,0,0,0,0,0,0,0,0,0,0,0,0,0,0,0,0,0,0,0,0,0,0,0,0,0,0,0,0,0,0,0,0,0,0,0,0,0,0,0,0,0,0,0
CMB,1,1,0,0,0,0,0,0,0,0,0,0,0,0,0,0,0,0,0,0,0,0,0,0,0,0,100,100,100,100,100,100,100,100,100,100,100,100,500,500,500,500,500,500,500,500,500,500,500,500,3,0,1,0,0,0,50000,0
CMC,2,1,0,2,1,1,1,1,1,1,1,1,1,1,0,-2,-2,-2,-2,-2,-2,-2,-2,-2,-2,-2,100,100,100,100,100,100,100,100,100,100,100,100,500,500,500,500,500,500,500,500,500,500,500,500,2,0,1,0,0,0,50000,0
CMD,3,1,0,5,3,3,2,2,1,1,3,3,3,3,0,-3,-3,-4,-4,-4,-3,-3,-3,-3,-3,-3,100,100,100,100,100,100,100,100,100,100,100,100,500,500,500,500,500,500,500,500,500,500,500,500,3,0,1,0,0,0,50000,0
CME,4,1,0,8,5,4,2,2,1,1,4,4,4,4,0,-4,-4,-7,-7,-7,-4,-4,-4,-4,-4,-4,100,100,100,100,100,100,100,100,100,100,100,100,500,500,500,500,500,500,500,500,500,500,500,500,4,0,1,1,-1,0,50000,-1
CMF,5,1,0,10,6,4,2,2,1,1,5,5,5,5,0,-5,-6,-10,-10,-10,-5,-5,-5,-5,-5,-5,100,100,100,100,100,100,100,100,100,100,100,100,500,500,500,500,500,500,500,500,500,500,500,500,5,0,1,1,-1,0,50000,-1
CMG,6,1,0,12,7,5,2,2,1,1,5,5,6,6,0,-6,-8,-13,-13,-13,-6,-6,-6,-6,-6,-6,100,100,100,100,100,100,100,100,100,100,100,100,500,500,500,500,500,500,500,500,500,500,500,500,6,0,1,1,-2,0,50000,-2
CMH,7,1,0,16,8,5,3,3,1,1,6,6,7,7,0,-8,-10,-16,-16,-16,-8,-8,-8,-8,-8,-8,100,100,100,100,100,100,100,100,100,100,100,100,500,500,500,500,500,500,500,500,500,500,500,500,7,0,1,2,-3,0,50000,-2
CMI,8,1,0,18,9,6,3,3,1,1,6,7,8,8,0,-10,-12,-19,-19,-18,-10,-10,-10,-10,-10,-10,100,100,100,100,100,100,100,100,100,100,100,100,500,500,500,500,500,500,500,500,500,500,500,500,8,0,1,2,-3,0,50000,-3
CMJ,9,1,0,21,10,6,3,3,1,1,7,8,9,9,0,-11,-14,-22,-22,-20,-12,-12,-12,-12,-12,-12,100,100,100,100,100,100,100,100,100,100,100,100,500,500,500,500,500,500,500,500,500,500,500,500,9,0,1,2,-3,0,50000,-3
CMK,10,1,0,21,10,6,3,3,1,1,7,8,9,9,0,-11,-14,-22,-22,-20,-12,-12,-12,-12,-12,-12,100,100,100,100,100,100,100,100,100,100,100,100,500,500,500,500,500,500,500,500,500,500,500,500,10,0,1,2,-3,0,50000,-2
CML,11,1,0,21,10,6,3,3,1,1,7,8,8,8,0,-11,-14,-22,-22,-20,-12,-12,-12,-12,-12,-12,100,100,100,100,100,100,100,100,100,100,100,100,500,500,500,500,500,500,500,500,500,500,500,500,11,0,1,2,-3,0,50000,-2
CMM,12,1,0,20,9,5,2,3,1,1,6,6,6,6,0,-11,-14,-22,-22,-20,-12,-12,-12,-12,-12,-12,100,100,100,100,100,100,100,100,100,100,100,100,500,500,500,500,500,500,500,500,500,500,500,500,12,0,1,2,-3,0,50000,-1
CMN,13,1,0,20,9,5,2,3,1,1,5,5,5,5,0,-11,-14,-22,-22,-20,-12,-12,-12,-12,-12,-12,100,100,100,100,100,100,100,100,100,100,100,100,500,500,500,500,500,500,500,500,500,500,500,500,12,0,1,2,-3,0,50000,-1
CMO,14,1,0,20,9,5,2,3,1,1,4,4,4,4,0,-11,-14,-22,-22,-20,-12,-12,-12,-12,-12,-12,100,100,100,100,100,100,100,100,100,100,100,100,500,500,500,500,500,500,500,500,500,500,500,500,12,0,1,2,-3,0,50000,0
CMP,15,1,0,18,7,2,2,3,1,1,2,2,2,2,0,-11,-14,-22,-22,-20,-12,-12,-12,-12,-12,-12,100,100,100,100,100,100,100,100,100,100,100,100,500,500,500,500,500,500,500,500,500,500,500,500,12,0,1,2,-3,0,50000,0
CAA,6000,3000,-10
CAB,6000,3000,-10
CAC,6000,3000,-10
CAD,6000,3000,-10
CAE,6000,3000,-10
CAF,6000,3000,-10
CAG,6000,3000,-10
CAH,6000,3000,-10
CAM,0,0,0,0,0,0,0,0
CAU,0
CCA,6000,3000,-10
CCB,6000,3000,-10
CCC,6000,3000,-10
CCD,6000,3000,-10
CCE,6000,3000,-10
CCF,6000,3000,-10
CCG,6000,3000,-10
CCH,6000,3000,-10
CCM,0,0,0,0,0,0,0,0
CCU,0
DH,0,200,0
DF,0,0,0,0,0,0,0,0,0,0,0,0,4,-5,1000,2000,0
DL,1,0,18,7,2,2,3,1,1,2,2,2,2,0,-11,-14,-22,-22,-20,-12,-12,-12,-12,-12,-12,100,100,100,100,100,100,100,100,100,100,100,100,500,500,500,500,500,500,500,500,500,500,500,500,12,0,1,2,-3,0,50000,0,0
DMA,0,0,0,0,0,0,0,0,0,0,0,0,0,0,0,0,0,0,0,0,0,0,0,0,0,0,0,0,0,0,0,0,0,0,0,0,0,0,0,0,0,0,0,0,0,0,0,0,0,0,0,0,0,0,0,0,0,0
DMB,1,1,0,0,0,0,0,0,0,0,0,0,0,0,0,0,0,0,0,0,0,0,0,0,0,0,100,100,100,100,100,100,100,100,100,100,100,100,500,500,500,500,500,500,500,500,500,500,500,500,3,0,1,0,0,0,50000,0
DMC,2,1,0,2,1,1,1,1,1,1,1,1,1,1,0,-2,-2,-2,-2,-2,-2,-2,-2,-2,-2,-2,100,100,100,100,100,100,100,100,100,100,100,100,500,500,500,500,500,500,500,500,500,500,500,500,2,0,1,0,0,0,50000,0
DMD,3,1,0,5,3,3,2,2,1,1,3,3,3,3,0,-3,-3,-4,-4,-4,-3,-3,-3,-3,-3,-3,100,100,100,100,100,100,100,100,100,100,100,100,500,500,500,500,500,500,500,500,500,500,500,500,3,0,1,0,0,0,50000,0
DME,4,1,0,8,5,4,2,2,1,1,4,4,4,4,0,-4,-4,-7,-7,-7,-4,-4,-4,-4,-4,-4,100,100,100,100,100,100,100,100,100,100,100,100,500,500,500,500,500,500,500,500,500,500,500,500,4,0,1,1,-1,0,50000,-1
DMF,5,1,0,10,6,4,2,2,1,1,5,5,5,5,0,-5,-6,-10,-10,-10,-5,-5,-5,-5,-5,-5,100,100,100,100,100,100,100,100,100,100,100,100,500,500,500,500,500,500,500,500,500,500,500,500,5,0,1,1,-1,0,50000,-1
DMG,6,1,0,12,7,5,2,2,1,1,5,5,6,6,0,-6,-8,-13,-13,-13,-6,-6,-6,-6,-6,-6,100,100,100,100,100,100,100,100,100,100,100,100,500,500,500,500,500,500,500,500,500,500,500,500,6,0,1,1,-2,0,50000,-2
DMH,7,1,0,16,8,5,3,3,1,1,6,6,7,7,0,-8,-10,-16,-16,-16,-8,-8,-8,-8,-8,-8,100,100,100,100,100,100,100,100,100,100,100,100,500,500,500,500,500,500,500,500,500,500,500,500,7,0,1,2,-3,0,50000,-2
DMI,8,1,0,18,9,6,3,3,1,1,6,7,8,8,0,-10,-12,-19,-19,-18,-10,-10,-10,-10,-10,-10,100,100,100,100,100,100,100,100,100,100,100,100,500,500,500,500,500,500,500,500,500,500,500,500,8,0,1,2,-3,0,50000,-3
DMJ,9,1,0,21,10,6,3,3,1,1,7,8,9,9,0,-11,-14,-22,-22,-20,-12,-12,-12,-12,-12,-12,100,100,100,100,100,100,100,100,100,100,100,100,500,500,500,500,500,500,500,500,500,500,500,500,9,0,1,2,-3,0,50000,-3
DMK,10,1,0,21,10,6,3,3,1,1,7,8,9,9,0,-11,-14,-22,-22,-20,-12,-12,-12,-12,-12,-12,100,100,100,100,100,100,100,100,100,100,100,100,500,500,500,500,500,500,500,500,500,500,500,500,10,0,1,2,-3,0,50000,-2
DML,11,1,0,21,10,6,3,3,1,1,7,8,8,8,0,-11,-14,-22,-22,-20,-12,-12,-12,-12,-12,-12,100,100,100,100,100,100,100,100,100,100,100,100,500,500,500,500,500,500,500,500,500,500,500,500,11,0,1,2,-3,0,50000,-2
DMM,12,1,0,20,9,5,2,3,1,1,6,6,6,6,0,-11,-14,-22,-22,-20,-12,-12,-12,-12,-12,-12,100,100,100,100,100,100,100,100,100,100,100,100,500,500,500,500,500,500,500,500,500,500,500,500,12,0,1,2,-3,0,50000,-1
DMN,13,1,0,20,9,5,2,3,1,1,5,5,5,5,0,-11,-14,-22,-22,-20,-12,-12,-12,-12,-12,-12,100,100,100,100,100,100,100,100,100,100,100,100,500,500,500,500,500,500,500,500,500,500,500,500,12,0,1,2,-3,0,50000,-1
DMO,14,1,0,20,9,5,2,3,1,1,4,4,4,4,0,-11,-14,-22,-22,-20,-12,-12,-12,-12,-12,-12,100,100,100,100,100,100,100,100,100,100,100,100,500,500,500,500,500,500,500,500,500,500,500,500,12,0,1,2,-3,0,50000,0
DMP,15,1,0,18,7,2,2,3,1,1,2,2,2,2,0,-11,-14,-22,-22,-20,-12,-12,-12,-12,-12,-12,100,100,100,100,100,100,100,100,100,100,100,100,500,500,500,500,500,500,500,500,500,500,500,500,12,0,1,2,-3,0,50000,0
DAA,6000,3000,-10
DAB,6000,3000,-10
DAC,6000,3000,-10
DAD,6000,3000,-10
DAE,6000,3000,-10
DAF,6000,3000,-10
DAG,6000,3000,-10
DAH,6000,3000,-10
DAM,0,0,0,0,0,0,0,0
DAU,0
DCA,6000,3000,-10
DCB,6000,3000,-10
DCC,6000,3000,-10
DCD,6000,3000,-10
DCE,6000,3000,-10
DCF,6000,3000,-10
DCG,6000,3000,-10
DCH,6000,3000,-10
DCM,0,0,0,0,0,0,0,0
DCU,0
